;continue
1;apt=(80.596961975097656, 34.799999237060547, -107.3074951171875);3;1
2;apt=(72.290473937988281, 34.799999237060547, -107.75645446777344);3;1
3;apt=(80.9005126953125, 37.799999237060547, -107.68933868408203);3;1
4;apt=(71.88653564453125, 37.799999237060547, -107.7852783203125);3;1
5;apt=(81.182159423828125, 40.549999237060547, -107.31177520751953);3;1
6;apt=(72.257179260253906, 40.549999237060547, -106.30332183837891);3;1
1;house=(712.8642578125, 34.653327941894531, -62.101730346679688);3;1
2;house=(713.1978759765625, 34.634902954101563, -93.981956481933594);3;1
3;house=(740.47796630859375, 34.598960876464844, -113.10585021972656);3;1
4;house=(776.10491943359375, 34.637775421142578, -81.719757080078125);3;1
5;house=(775.37762451171875, 34.627113342285156, -34.132953643798828);3;1
6;house=(776.81280517578125, 34.637775421142578, -17.854877471923828);3;1
7;house=(775.233642578125, 34.633934020996094, 13.647516250610352);3;1
8;house=(756.1707763671875, 34.634357452392578, 60.235363006591797);3;1
9;house=(728.747802734375, 34.619522094726563, 59.222827911376953);3;1
10;house=(712.90496826171875, 34.631778717041016, 8.6191339492797852);3;1
1;gasStation=(69.645744323730469, 34.767871856689453, -69.099990844726563);8;1
2;gasStation=(678.66632080078125, 34.622390747070312, -12.620611190795898);6;1
1;Gas Station Attendant=(69.531486511230469, 34.587413787841797, -61.238174438476563);20;1
2;Gas Station Attendant=(679.89251708984375, 34.569301605224609, -7.1310291290283203);15;1
1;Restaurant Owner=(15.680438041687012, 34.569301605224609, -68.121955871582031);15;1
1;Mechanic=(103.42826843261719, 35.148017883300781, -73.073326110839844);10;2
1;taxi=(147.50286865234375, 34.569301605224609, -128.44987487792969);15;1
2;Restaurant Owner=(174.90461730957031, 37.732227325439453, -114.60410308837891);16;5
1;Car Salesman=(175.29618835449219, 34.569301605224609, -176.68997192382812);4;1
1;SpawnCar=(166.76741027832031, 34.569301605224609, -165.89773559570312);3;1
2;Car Salesman=(183.37554931640625, 34.569301605224609, -171.44512939453125);15;2
1;jailcell=(150.77206420898437, 37.75, 3.9379079341888428);30;2
1;drugrun1=(662.97723388671875, 34.569301605224609, 68.4990234375);5;5
2;drugrun1=(-801.45684814453125, 54.671791076660156, 757.21942138671875);5;5
2;drugrun2=(-1000.3170166015625, 34.569301605224609, 237.24559020996094);5;5
1;drugrun2=(571.2215576171875, 34.569301605224609, -154.59065246582031);5;5
1;getdrugs=(34.748344421386719, 154.71376037597656, 843.24444580078125);5;5
1;delivery_deliverystart=(105.46015167236328, 34.569301605224609, -45.773777008056641);5;5
1;delivery_hospital=(122.05419921875, 34.626544952392578, -160.33689880371094);5;5
1;delivery_restaurant2=(191.21597290039063, 34.698184967041016, -110.84262084960937);5;5
1;delivery_church=(437.26226806640625, 34.626338958740234, -13.163286209106445);5;5
1;delivery_gas2=(680.39508056640625, 34.569301605224609, -6.9204297065734863);5;5
1;delivery_gardenshop=(333.41000366210937, 34.569301605224609, -35.596855163574219);5;5
1;boatspawn=(231.85360717773437, 26.068122863769531, -309.95703125);3;3
2;boatspawn=(225.59239196777344, 26.073581695556641, -310.81536865234375);3;3
3;boatspawn=(219.62652587890625, 26.066825866699219, -312.3203125);3;3
4;boatspawn=(213.41069030761719, 26.072284698486328, -313.45663452148437);3;3
6;boatspawn=(200.95755004882812, 26.075422286987305, -315.441650390625);3;3
5;boatspawn=(207.22749328613281, 26.069963455200195, -314.55337524414062);3;3
7;boatspawn=(194.80186462402344, 26.079807281494141, -316.68057250976563);3;3
8;boatspawn=(188.76806640625, 26.081405639648438, -317.67047119140625);3;3
1;marinashopattendant=(226.34989929199219, 26.078996658325195, -305.99703979492187);5;5
1;marinapayradius=(205.92088317871094, 31.993824005126953, -317.17758178710937);30;5
1;fishingSpot=(-828.430908203125, 24.999998092651367, -759.19354248046875);125;10
1;takeout=(83.966850280761719, 34.569301605224609, -160.44288635253906);0;0